  1:	0.109  0.091  0.051  0.105  0.104  0.108  0.109  0.107  0.105  0.111	30
  2:	0.108  0.094  0.067  0.103  0.103  0.106  0.106  0.104  0.103  0.106	30
  3:	0.110  0.088  0.046  0.109  0.110  0.106  0.109  0.107  0.108  0.107	31
  4:	0.106  0.094  0.065  0.103  0.102  0.106  0.109  0.104  0.102  0.109	31
  5:	0.104  0.098  0.081  0.101  0.102  0.102  0.105  0.103  0.101  0.104	18
  6:	0.107  0.091  0.062  0.106  0.108  0.103  0.105  0.104  0.107  0.107	30
  7:	0.105  0.094  0.073  0.103  0.103  0.104  0.105  0.104  0.104  0.105	30
  8:	0.048  0.170  0.422  0.053  0.053  0.053  0.047  0.054  0.055  0.046	24
  9:	0.045  0.174  0.433  0.050  0.050  0.053  0.044  0.053  0.053  0.044	24

  1:	0.110  0.108  0.108  0.105  0.109  0.032  0.106  0.107  0.111  0.104	30
  2:	0.107  0.105  0.105  0.103  0.105  0.055  0.104  0.105  0.107  0.104	30
  3:	0.108  0.108  0.109  0.109  0.108  0.026  0.110  0.106  0.109  0.107	31
  4:	0.108  0.106  0.107  0.101  0.106  0.051  0.102  0.104  0.112  0.103	31
  5:	0.104  0.102  0.104  0.100  0.104  0.076  0.101  0.102  0.106  0.101	18
  6:	0.106  0.105  0.106  0.107  0.105  0.047  0.107  0.106  0.105  0.105	30
  7:	0.104  0.103  0.105  0.103  0.104  0.063  0.104  0.105  0.104  0.104	30
  8:	0.047  0.049  0.047  0.052  0.048  0.558  0.051  0.050  0.044  0.054	24
  9:	0.046  0.047  0.045  0.050  0.046  0.576  0.049  0.049  0.042  0.051	24

  1:	0.104  0.111  0.104  0.109  0.107  0.110  0.106  0.032  0.107  0.110	30
  2:	0.102  0.107  0.103  0.107  0.104  0.105  0.104  0.055  0.105  0.106	30
  3:	0.109  0.108  0.110  0.107  0.108  0.109  0.107  0.025  0.109  0.108	31
  4:	0.102  0.108  0.103  0.106  0.106  0.107  0.105  0.051  0.106  0.108	31
  5:	0.100  0.104  0.100  0.104  0.103  0.103  0.103  0.076  0.103  0.104	18
  6:	0.107  0.105  0.107  0.106  0.106  0.104  0.105  0.047  0.106  0.105	30
  7:	0.103  0.105  0.104  0.105  0.103  0.104  0.104  0.063  0.104  0.105	30
  8:	0.053  0.046  0.051  0.047  0.048  0.047  0.049  0.567  0.048  0.045	24
  9:	0.050  0.044  0.048  0.045  0.047  0.046  0.048  0.584  0.045  0.044	24

  1:	0.108  0.032  0.107  0.107  0.104  0.107  0.113  0.108  0.109  0.105	30
  2:	0.106  0.055  0.104  0.105  0.103  0.104  0.108  0.107  0.105  0.104	30
  3:	0.108  0.025  0.108  0.109  0.110  0.109  0.107  0.107  0.108  0.108	31
  4:	0.109  0.052  0.105  0.105  0.103  0.104  0.110  0.105  0.106  0.101	31
  5:	0.104  0.076  0.103  0.103  0.102  0.102  0.105  0.103  0.102  0.101	18
  6:	0.106  0.047  0.105  0.106  0.107  0.107  0.105  0.105  0.106  0.106	30
  7:	0.104  0.063  0.104  0.104  0.104  0.104  0.105  0.104  0.104  0.104	30
  8:	0.047  0.565  0.048  0.049  0.051  0.050  0.044  0.048  0.046  0.052	24
  9:	0.045  0.582  0.047  0.047  0.049  0.047  0.043  0.047  0.045  0.049	24

  1:	0.111  0.107  0.081  0.111  0.085  0.086  0.112  0.096  0.103  0.108	30
  2:	0.109  0.105  0.087  0.107  0.090  0.092  0.106  0.097  0.101  0.106	30
  3:	0.109  0.110  0.080  0.108  0.083  0.085  0.107  0.098  0.111  0.108	31
  4:	0.109  0.104  0.086  0.110  0.087  0.089  0.109  0.098  0.099  0.107	31
  5:	0.106  0.102  0.093  0.105  0.094  0.095  0.105  0.097  0.100  0.103	18
  6:	0.106  0.107  0.086  0.106  0.088  0.089  0.104  0.099  0.109  0.106	30
  7:	0.106  0.105  0.091  0.105  0.093  0.092  0.104  0.098  0.103  0.105	30
  8:	0.046  0.050  0.227  0.046  0.184  0.195  0.050  0.102  0.055  0.047	24
  9:	0.044  0.047  0.231  0.044  0.191  0.199  0.049  0.099  0.051  0.045	24

  1:	0.107  0.111  0.102  0.107  0.070  0.105  0.109  0.110  0.108  0.071	30
  2:	0.104  0.108  0.100  0.105  0.080  0.102  0.106  0.109  0.105  0.080	30
  3:	0.109  0.108  0.110  0.108  0.066  0.110  0.109  0.104  0.108  0.068	31
  4:	0.105  0.111  0.099  0.105  0.079  0.101  0.107  0.109  0.104  0.079	31
  5:	0.104  0.106  0.099  0.102  0.089  0.101  0.103  0.104  0.103  0.089	18
  6:	0.106  0.105  0.107  0.107  0.076  0.107  0.106  0.103  0.106  0.077	30
  7:	0.103  0.105  0.102  0.104  0.084  0.103  0.105  0.105  0.106  0.084	30
  8:	0.050  0.044  0.055  0.050  0.307  0.051  0.047  0.049  0.047  0.300	24
  9:	0.047  0.043  0.052  0.047  0.313  0.049  0.045  0.049  0.046  0.308	24

  1:	0.110  0.103  0.107  0.039  0.115  0.109  0.104  0.102  0.105  0.105	30
  2:	0.108  0.102  0.106  0.058  0.109  0.107  0.102  0.101  0.104  0.104	30
  3:	0.109  0.099  0.110  0.033  0.108  0.109  0.111  0.104  0.107  0.110	31
  4:	0.107  0.102  0.106  0.057  0.112  0.106  0.101  0.102  0.104  0.101	31
  5:	0.105  0.102  0.103  0.075  0.106  0.104  0.100  0.102  0.104  0.101	18
  6:	0.107  0.100  0.107  0.053  0.106  0.106  0.108  0.101  0.104  0.108	30
  7:	0.105  0.101  0.105  0.066  0.106  0.105  0.103  0.102  0.103  0.104	30
  8:	0.048  0.092  0.048  0.497  0.043  0.047  0.053  0.064  0.055  0.053	24
  9:	0.045  0.093  0.046  0.509  0.042  0.044  0.050  0.067  0.055  0.049	24

  1:	0.110  0.106  0.068  0.107  0.107  0.108  0.109  0.111  0.084  0.091	30
  2:	0.107  0.105  0.078  0.104  0.105  0.105  0.106  0.107  0.089  0.094	30
  3:	0.109  0.107  0.065  0.109  0.109  0.109  0.108  0.108  0.082  0.094	31
  4:	0.111  0.105  0.079  0.105  0.104  0.105  0.105  0.109  0.085  0.092	31
  5:	0.105  0.103  0.088  0.102  0.102  0.103  0.104  0.105  0.093  0.096	18
  6:	0.105  0.105  0.075  0.106  0.107  0.107  0.106  0.105  0.087  0.097	30
  7:	0.104  0.104  0.081  0.104  0.104  0.105  0.105  0.104  0.092  0.097	30
  8:	0.045  0.052  0.317  0.049  0.049  0.048  0.047  0.046  0.203  0.144	24
  9:	0.043  0.051  0.324  0.047  0.046  0.047  0.045  0.044  0.210  0.143	24

  1:	0.106  0.103  0.109  0.090  0.066  0.110  0.103  0.096  0.105  0.111	30
  2:	0.106  0.103  0.106  0.094  0.077  0.106  0.102  0.095  0.103  0.108	30
  3:	0.110  0.109  0.109  0.093  0.058  0.108  0.109  0.089  0.109  0.107	31
  4:	0.105  0.102  0.106  0.091  0.074  0.107  0.100  0.100  0.106  0.108	31
  5:	0.103  0.100  0.103  0.097  0.087  0.104  0.099  0.099  0.104  0.105	18
  6:	0.107  0.107  0.106  0.096  0.070  0.105  0.108  0.091  0.106  0.104	30
  7:	0.104  0.104  0.104  0.097  0.080  0.105  0.104  0.095  0.103  0.104	30
  8:	0.050  0.051  0.046  0.149  0.345  0.047  0.053  0.163  0.049  0.047	24
  9:	0.047  0.048  0.045  0.150  0.356  0.045  0.050  0.166  0.047  0.046	24

  1:	0.109  0.106  0.102  0.067  0.102  0.112  0.100  0.109  0.108  0.084	30
  2:	0.106  0.104  0.102  0.079  0.101  0.110  0.097  0.108  0.104  0.089	30
  3:	0.109  0.107  0.111  0.065  0.111  0.108  0.094  0.108  0.109  0.080	31
  4:	0.106  0.106  0.100  0.078  0.099  0.110  0.103  0.108  0.104  0.087	31
  5:	0.103  0.103  0.099  0.088  0.099  0.106  0.099  0.104  0.102  0.096	18
  6:	0.107  0.105  0.107  0.075  0.109  0.105  0.095  0.105  0.107  0.086	30
  7:	0.106  0.104  0.103  0.082  0.103  0.104  0.097  0.104  0.105  0.091	30
  8:	0.050  0.054  0.056  0.316  0.056  0.044  0.124  0.049  0.050  0.203	24
  9:	0.047  0.054  0.052  0.323  0.052  0.042  0.125  0.047  0.046  0.212	24

