  1:	0.211  0.443  0.346	30
  2:	0.239  0.426  0.335	30
  3:	0.198  0.413  0.389	31
  4:	0.228  0.434  0.338	31
  5:	0.263  0.409  0.328	18
  6:	0.249  0.403  0.348	30
  7:	0.284  0.391  0.324	30
  8:	0.651  0.121  0.228	24
  9:	0.667  0.123  0.211	24

  1:	0.347  0.211  0.442	30
  2:	0.334  0.238  0.428	30
  3:	0.389  0.199  0.412	31
  4:	0.337  0.228  0.435	31
  5:	0.326  0.263  0.410	18
  6:	0.349  0.249  0.402	30
  7:	0.328  0.284  0.388	30
  8:	0.227  0.651  0.122	24
  9:	0.209  0.667  0.124	24

  1:	0.442  0.349  0.209	30
  2:	0.427  0.335  0.237	30
  3:	0.413  0.391  0.197	31
  4:	0.436  0.338  0.227	31
  5:	0.410  0.327  0.262	18
  6:	0.403  0.349  0.247	30
  7:	0.390  0.328  0.282	30
  8:	0.121  0.226  0.653	24
  9:	0.123  0.208  0.669	24

  1:	0.445  0.211  0.344	30
  2:	0.426  0.239  0.335	30
  3:	0.413  0.198  0.389	31
  4:	0.433  0.228  0.338	31
  5:	0.410  0.264  0.326	18
  6:	0.403  0.249  0.348	30
  7:	0.392  0.284  0.323	30
  8:	0.122  0.649  0.229	24
  9:	0.124  0.665  0.211	24

  1:	0.442  0.212  0.346	30
  2:	0.427  0.241  0.332	30
  3:	0.411  0.200  0.389	31
  4:	0.435  0.230  0.334	31
  5:	0.407  0.265  0.328	18
  6:	0.403  0.251  0.346	30
  7:	0.390  0.286  0.324	30
  8:	0.123  0.645  0.232	24
  9:	0.124  0.659  0.216	24

  1:	0.209  0.347  0.444	30
  2:	0.237  0.334  0.428	30
  3:	0.197  0.389  0.414	31
  4:	0.226  0.339  0.435	31
  5:	0.262  0.327  0.411	18
  6:	0.247  0.349  0.404	30
  7:	0.282  0.327  0.391	30
  8:	0.654  0.226  0.120	24
  9:	0.670  0.208  0.122	24

  1:	0.346  0.213  0.441	30
  2:	0.334  0.240  0.426	30
  3:	0.389  0.200  0.411	31
  4:	0.336  0.230  0.434	31
  5:	0.325  0.266  0.408	18
  6:	0.346  0.252  0.402	30
  7:	0.325  0.286  0.389	30
  8:	0.230  0.647  0.124	24
  9:	0.214  0.661  0.125	24

  1:	0.442  0.209  0.349	30
  2:	0.428  0.238  0.335	30
  3:	0.413  0.197  0.390	31
  4:	0.436  0.227  0.338	31
  5:	0.410  0.263  0.327	18
  6:	0.405  0.248  0.347	30
  7:	0.391  0.282  0.327	30
  8:	0.121  0.650  0.229	24
  9:	0.123  0.665  0.211	24

  1:	0.212  0.345  0.443	30
  2:	0.241  0.333  0.426	30
  3:	0.200  0.388  0.412	31
  4:	0.230  0.338  0.432	31
  5:	0.265  0.325  0.410	18
  6:	0.251  0.347  0.402	30
  7:	0.286  0.324  0.390	30
  8:	0.648  0.229  0.123	24
  9:	0.663  0.212  0.125	24

  1:	0.209  0.444  0.347	30
  2:	0.238  0.429  0.334	30
  3:	0.197  0.413  0.390	31
  4:	0.227  0.435  0.338	31
  5:	0.263  0.410  0.327	18
  6:	0.248  0.404  0.348	30
  7:	0.283  0.392  0.325	30
  8:	0.653  0.120  0.227	24
  9:	0.669  0.122  0.210	24

