  1:	0.123  0.311  0.257  0.310	30
  2:	0.148  0.308  0.242  0.302	30
  3:	0.113  0.293  0.303  0.291	31
  4:	0.144  0.307  0.246  0.302	31
  5:	0.175  0.293  0.239  0.293	18
  6:	0.154  0.289  0.268  0.289	30
  7:	0.180  0.287  0.239  0.293	30
  8:	0.657  0.086  0.171  0.086	24
  9:	0.680  0.081  0.156  0.083	24

  1:	0.264  0.308  0.125  0.303	30
  2:	0.254  0.299  0.150  0.296	30
  3:	0.301  0.289  0.115  0.295	31
  4:	0.254  0.302  0.146  0.298	31
  5:	0.248  0.290  0.177  0.285	18
  6:	0.270  0.289  0.156  0.285	30
  7:	0.246  0.292  0.183  0.279	30
  8:	0.160  0.089  0.652  0.099	24
  9:	0.147  0.086  0.673  0.094	24

  1:	0.262  0.308  0.311  0.119	30
  2:	0.249  0.301  0.306  0.144	30
  3:	0.304  0.294  0.292  0.109	31
  4:	0.250  0.305  0.304  0.140	31
  5:	0.243  0.291  0.295  0.172	18
  6:	0.272  0.288  0.291  0.150	30
  7:	0.245  0.286  0.292  0.176	30
  8:	0.165  0.088  0.085  0.662	24
  9:	0.149  0.084  0.081  0.686	24

  1:	0.122  0.271  0.296  0.310	30
  2:	0.147  0.260  0.289  0.304	30
  3:	0.112  0.299  0.296  0.293	31
  4:	0.143  0.261  0.289  0.307	31
  5:	0.174  0.254  0.277  0.295	18
  6:	0.153  0.273  0.285  0.288	30
  7:	0.179  0.255  0.278  0.288	30
  8:	0.658  0.148  0.109  0.085	24
  9:	0.681  0.135  0.101  0.082	24

  1:	0.278  0.122  0.290  0.310	30
  2:	0.268  0.147  0.280  0.306	30
  3:	0.299  0.112  0.296  0.293	31
  4:	0.267  0.143  0.282  0.308	31
  5:	0.260  0.174  0.272  0.294	18
  6:	0.277  0.153  0.282  0.288	30
  7:	0.261  0.179  0.272  0.287	30
  8:	0.139  0.658  0.119  0.085	24
  9:	0.127  0.681  0.110  0.082	24

  1:	0.309  0.256  0.308  0.127	30
  2:	0.305  0.242  0.300  0.153	30
  3:	0.291  0.300  0.291  0.117	31
  4:	0.305  0.245  0.302  0.148	31
  5:	0.292  0.239  0.291  0.178	18
  6:	0.287  0.266  0.288  0.159	30
  7:	0.287  0.238  0.290  0.185	30
  8:	0.090  0.175  0.089  0.646	24
  9:	0.085  0.161  0.086  0.667	24

  1:	0.305  0.311  0.267  0.117	30
  2:	0.296  0.308  0.254  0.142	30
  3:	0.296  0.294  0.303  0.107	31
  4:	0.299  0.308  0.254  0.139	31
  5:	0.288  0.294  0.248  0.170	18
  6:	0.287  0.292  0.274  0.147	30
  7:	0.284  0.290  0.252  0.174	30
  8:	0.095  0.083  0.155  0.667	24
  9:	0.090  0.078  0.139  0.693	24

  1:	0.312  0.122  0.257  0.309	30
  2:	0.307  0.146  0.245  0.302	30
  3:	0.294  0.112  0.304  0.290	31
  4:	0.309  0.143  0.245  0.303	31
  5:	0.297  0.174  0.239  0.290	18
  6:	0.289  0.153  0.268  0.290	30
  7:	0.286  0.180  0.240  0.294	30
  8:	0.085  0.658  0.171  0.086	24
  9:	0.081  0.681  0.156  0.082	24

  1:	0.124  0.309  0.259  0.308	30
  2:	0.149  0.301  0.244  0.306	30
  3:	0.113  0.292  0.301  0.294	31
  4:	0.145  0.306  0.243  0.306	31
  5:	0.176  0.293  0.239  0.292	18
  6:	0.154  0.289  0.268  0.289	30
  7:	0.182  0.291  0.240  0.287	30
  8:	0.656  0.086  0.172  0.087	24
  9:	0.680  0.084  0.155  0.082	24

  1:	0.120  0.260  0.309  0.311	30
  2:	0.145  0.244  0.306  0.305	30
  3:	0.111  0.303  0.293  0.293	31
  4:	0.142  0.247  0.306  0.306	31
  5:	0.173  0.239  0.294  0.293	18
  6:	0.151  0.270  0.290  0.289	30
  7:	0.178  0.243  0.289  0.291	30
  8:	0.663  0.167  0.085  0.084	24
  9:	0.688  0.151  0.081  0.081	24

