  1:	0.241  0.236  0.065  0.230  0.228	30
  2:	0.237  0.230  0.089  0.225  0.219	30
  3:	0.237  0.238  0.056  0.233  0.236	31
  4:	0.235  0.229  0.089  0.225  0.221	31
  5:	0.227  0.223  0.119  0.218  0.213	18
  6:	0.231  0.228  0.087  0.228  0.226	30
  7:	0.225  0.220  0.114  0.222  0.219	30
  8:	0.070  0.079  0.680  0.083  0.088	24
  9:	0.063  0.070  0.718  0.072  0.077	24

  1:	0.244  0.235  0.067  0.239  0.215	30
  2:	0.239  0.230  0.092  0.232  0.207	30
  3:	0.234  0.234  0.058  0.233  0.241	31
  4:	0.239  0.229  0.091  0.234  0.208	31
  5:	0.232  0.223  0.122  0.223  0.200	18
  6:	0.231  0.228  0.090  0.227  0.223	30
  7:	0.229  0.221  0.116  0.226  0.207	30
  8:	0.066  0.078  0.675  0.071  0.109	24
  9:	0.059  0.069  0.712  0.065  0.096	24

  1:	0.213  0.243  0.237  0.065  0.241	30
  2:	0.205  0.239  0.233  0.090  0.233	30
  3:	0.244  0.233  0.234  0.056  0.233	31
  4:	0.207  0.237  0.232  0.089  0.234	31
  5:	0.199  0.230  0.225  0.120  0.227	18
  6:	0.226  0.230  0.228  0.087  0.230	30
  7:	0.208  0.226  0.224  0.114  0.228	30
  8:	0.111  0.067  0.073  0.681  0.067	24
  9:	0.098  0.059  0.065  0.718  0.060	24

  1:	0.229  0.060  0.259  0.229  0.223	30
  2:	0.224  0.084  0.249  0.223  0.220	30
  3:	0.237  0.050  0.237  0.237  0.239	31
  4:	0.225  0.084  0.250  0.224  0.217	31
  5:	0.217  0.117  0.240  0.217  0.210	18
  6:	0.230  0.080  0.233  0.229  0.228	30
  7:	0.225  0.109  0.226  0.222  0.218	30
  8:	0.083  0.685  0.057  0.083  0.092	24
  9:	0.072  0.723  0.054  0.072  0.080	24

  1:	0.240  0.218  0.236  0.066  0.240	30
  2:	0.234  0.210  0.232  0.091  0.234	30
  3:	0.235  0.239  0.237  0.057  0.233	31
  4:	0.234  0.209  0.231  0.091  0.235	31
  5:	0.226  0.203  0.224  0.121  0.227	18
  6:	0.230  0.225  0.228  0.089  0.229	30
  7:	0.227  0.211  0.219  0.116  0.227	30
  8:	0.073  0.104  0.076  0.677  0.069	24
  9:	0.065  0.091  0.068  0.714  0.062	24

  1:	0.229  0.231  0.067  0.240  0.233	30
  2:	0.220  0.222  0.091  0.238  0.228	30
  3:	0.239  0.234  0.057  0.233  0.236	31
  4:	0.224  0.225  0.090  0.235  0.225	31
  5:	0.215  0.219  0.121  0.227  0.218	18
  6:	0.227  0.225  0.089  0.231  0.228	30
  7:	0.214  0.221  0.116  0.227  0.223	30
  8:	0.091  0.082  0.676  0.069  0.081	24
  9:	0.081  0.075  0.713  0.061  0.071	24

  1:	0.068  0.243  0.212  0.234  0.243	30
  2:	0.092  0.238  0.203  0.228  0.239	30
  3:	0.058  0.234  0.242  0.232  0.234	31
  4:	0.091  0.239  0.206  0.226  0.237	31
  5:	0.122  0.231  0.196  0.220  0.232	18
  6:	0.090  0.229  0.224  0.227  0.230	30
  7:	0.117  0.227  0.205  0.225  0.226	30
  8:	0.677  0.065  0.114  0.078  0.066	24
  9:	0.712  0.058  0.100  0.069  0.060	24

  1:	0.237  0.230  0.066  0.243  0.224	30
  2:	0.232  0.225  0.090  0.235  0.218	30
  3:	0.234  0.236  0.056  0.234  0.240	31
  4:	0.231  0.226  0.089  0.236  0.218	31
  5:	0.224  0.216  0.121  0.228  0.210	18
  6:	0.228  0.229  0.087  0.229  0.226	30
  7:	0.223  0.221  0.115  0.225  0.216	30
  8:	0.075  0.084  0.679  0.068  0.093	24
  9:	0.067  0.074  0.715  0.062  0.082	24

  1:	0.217  0.236  0.235  0.065  0.246	30
  2:	0.210  0.231  0.230  0.089  0.241	30
  3:	0.240  0.235  0.237  0.055  0.232	31
  4:	0.209  0.229  0.232  0.088  0.241	31
  5:	0.201  0.225  0.223  0.119  0.232	18
  6:	0.225  0.228  0.229  0.086  0.232	30
  7:	0.211  0.225  0.220  0.113  0.231	30
  8:	0.105  0.074  0.077  0.681  0.062	24
  9:	0.092  0.066  0.068  0.718  0.056	24

  1:	0.234  0.066  0.227  0.230  0.244	30
  2:	0.224  0.090  0.221  0.225  0.240	30
  3:	0.236  0.056  0.236  0.236  0.235	31
  4:	0.225  0.090  0.220  0.225  0.241	31
  5:	0.217  0.120  0.215  0.218  0.231	18
  6:	0.229  0.088  0.226  0.228  0.228	30
  7:	0.223  0.115  0.218  0.222  0.221	30
  8:	0.083  0.680  0.089  0.083  0.066	24
  9:	0.073  0.718  0.079  0.071  0.060	24

