  1:	0.189  0.048  0.193  0.191  0.192  0.188	30
  2:	0.181  0.073  0.187  0.187  0.185  0.187	30
  3:	0.193  0.040  0.191  0.193  0.192  0.191	31
  4:	0.181  0.072  0.189  0.189  0.187  0.182	31
  5:	0.176  0.101  0.182  0.183  0.181  0.178	18
  6:	0.187  0.067  0.186  0.186  0.186  0.188	30
  7:	0.181  0.092  0.183  0.178  0.182  0.183	30
  8:	0.073  0.664  0.062  0.065  0.065  0.070	24
  9:	0.064  0.701  0.057  0.059  0.059  0.060	24

  1:	0.048  0.193  0.177  0.187  0.195  0.200	30
  2:	0.073  0.189  0.171  0.184  0.191  0.193	30
  3:	0.040  0.190  0.197  0.192  0.191  0.191	31
  4:	0.071  0.188  0.171  0.181  0.193  0.196	31
  5:	0.101  0.184  0.164  0.177  0.187  0.187	18
  6:	0.067  0.187  0.187  0.188  0.186  0.186	30
  7:	0.092  0.185  0.175  0.182  0.183  0.183	30
  8:	0.665  0.061  0.089  0.071  0.059  0.055	24
  9:	0.701  0.055  0.078  0.063  0.053  0.051	24

  1:	0.196  0.184  0.185  0.190  0.194  0.051	30
  2:	0.192  0.179  0.180  0.184  0.190  0.075	30
  3:	0.191  0.193  0.193  0.192  0.189  0.042	31
  4:	0.195  0.179  0.181  0.184  0.188  0.074	31
  5:	0.186  0.174  0.176  0.178  0.183  0.103	18
  6:	0.187  0.185  0.186  0.186  0.186  0.070	30
  7:	0.183  0.178  0.180  0.180  0.184  0.095	30
  8:	0.060  0.076  0.073  0.071  0.063  0.657	24
  9:	0.054  0.068  0.066  0.063  0.056  0.693	24

  1:	0.195  0.175  0.191  0.194  0.050  0.194	30
  2:	0.188  0.170  0.186  0.191  0.075  0.190	30
  3:	0.192  0.196  0.190  0.191  0.042  0.189	31
  4:	0.191  0.170  0.183  0.195  0.074  0.188	31
  5:	0.185  0.166  0.179  0.185  0.103  0.182	18
  6:	0.187  0.185  0.186  0.186  0.069  0.187	30
  7:	0.184  0.172  0.181  0.182  0.095  0.185	30
  8:	0.062  0.089  0.069  0.060  0.658  0.061	24
  9:	0.057  0.079  0.061  0.055  0.692  0.055	24

  1:	0.193  0.187  0.193  0.194  0.184  0.048	30
  2:	0.187  0.183  0.191  0.188  0.177  0.074	30
  3:	0.190  0.192  0.194  0.191  0.192  0.041	31
  4:	0.189  0.181  0.191  0.190  0.177  0.073	31
  5:	0.185  0.176  0.183  0.183  0.172  0.101	18
  6:	0.187  0.186  0.187  0.188  0.185  0.068	30
  7:	0.186  0.180  0.178  0.184  0.180  0.093	30
  8:	0.062  0.071  0.064  0.062  0.077  0.663	24
  9:	0.056  0.063  0.057  0.056  0.069  0.700	24

  1:	0.049  0.191  0.193  0.177  0.196  0.194	30
  2:	0.074  0.192  0.187  0.171  0.187  0.190	30
  3:	0.041  0.191  0.191  0.197  0.190  0.190	31
  4:	0.073  0.188  0.189  0.172  0.189  0.189	31
  5:	0.102  0.182  0.184  0.166  0.182  0.184	18
  6:	0.069  0.187  0.186  0.187  0.186  0.187	30
  7:	0.094  0.183  0.181  0.174  0.185  0.183	30
  8:	0.662  0.064  0.064  0.086  0.060  0.063	24
  9:	0.697  0.056  0.058  0.076  0.057  0.056	24

  1:	0.193  0.197  0.201  0.049  0.180  0.181	30
  2:	0.189  0.190  0.193  0.074  0.175  0.179	30
  3:	0.192  0.190  0.191  0.040  0.194  0.193	31
  4:	0.187  0.194  0.197  0.072  0.174  0.176	31
  5:	0.180  0.187  0.189  0.102  0.170  0.172	18
  6:	0.188  0.186  0.186  0.068  0.186  0.186	30
  7:	0.185  0.183  0.184  0.093  0.177  0.177	30
  8:	0.063  0.058  0.056  0.663  0.081  0.079	24
  9:	0.057  0.053  0.052  0.697  0.072  0.069	24

  1:	0.196  0.187  0.182  0.190  0.049  0.196	30
  2:	0.191  0.183  0.178  0.184  0.073  0.191	30
  3:	0.191  0.194  0.192  0.192  0.040  0.192	31
  4:	0.190  0.183  0.177  0.187  0.072  0.191	31
  5:	0.185  0.177  0.173  0.179  0.102  0.184	18
  6:	0.187  0.186  0.186  0.186  0.067  0.188	30
  7:	0.185  0.178  0.179  0.181  0.093  0.184	30
  8:	0.061  0.073  0.076  0.067  0.663  0.060	24
  9:	0.055  0.066  0.068  0.061  0.695  0.055	24

  1:	0.048  0.184  0.196  0.195  0.186  0.190	30
  2:	0.073  0.178  0.191  0.190  0.182  0.186	30
  3:	0.040  0.193  0.191  0.191  0.193  0.191	31
  4:	0.072  0.178  0.194  0.190  0.183  0.184	31
  5:	0.102  0.174  0.186  0.184  0.176  0.178	18
  6:	0.068  0.186  0.187  0.186  0.187  0.186	30
  7:	0.093  0.179  0.183  0.183  0.181  0.182	30
  8:	0.663  0.076  0.060  0.062  0.071  0.068	24
  9:	0.700  0.068  0.054  0.056  0.062  0.060	24

  1:	0.049  0.175  0.192  0.201  0.191  0.190	30
  2:	0.074  0.169  0.188  0.196  0.186  0.187	30
  3:	0.041  0.198  0.190  0.192  0.190  0.190	31
  4:	0.073  0.169  0.188  0.199  0.184  0.187	31
  5:	0.102  0.165  0.182  0.190  0.180  0.182	18
  6:	0.068  0.186  0.186  0.187  0.186  0.186	30
  7:	0.093  0.175  0.184  0.183  0.184  0.181	30
  8:	0.662  0.090  0.063  0.054  0.066  0.066	24
  9:	0.696  0.080  0.057  0.050  0.059  0.058	24

