  1:	0.166  0.166  0.163  0.158  0.149  0.042  0.156	30
  2:	0.159  0.162  0.159  0.156  0.146  0.067  0.152	30
  3:	0.158  0.160  0.161  0.160  0.163  0.034  0.163	31
  4:	0.160  0.162  0.160  0.156  0.146  0.065  0.151	31
  5:	0.155  0.155  0.154  0.152  0.144  0.093  0.147	18
  6:	0.157  0.157  0.156  0.156  0.157  0.060  0.157	30
  7:	0.157  0.155  0.153  0.152  0.148  0.083  0.152	30
  8:	0.053  0.053  0.056  0.062  0.074  0.636  0.066	24
  9:	0.051  0.050  0.052  0.056  0.067  0.665  0.060	24

  1:	0.042  0.153  0.157  0.167  0.169  0.156  0.155	30
  2:	0.067  0.150  0.155  0.161  0.162  0.152  0.153	30
  3:	0.034  0.163  0.162  0.160  0.160  0.160  0.161	31
  4:	0.065  0.149  0.154  0.165  0.165  0.150  0.152	31
  5:	0.093  0.146  0.150  0.158  0.157  0.148  0.148	18
  6:	0.060  0.157  0.157  0.156  0.156  0.158  0.156	30
  7:	0.083  0.150  0.152  0.153  0.155  0.154  0.152	30
  8:	0.638  0.069  0.063  0.053  0.050  0.063  0.065	24
  9:	0.667  0.062  0.057  0.049  0.048  0.058  0.058	24

  1:	0.157  0.158  0.041  0.160  0.169  0.155  0.160	30
  2:	0.153  0.154  0.066  0.155  0.164  0.152  0.156	30
  3:	0.161  0.161  0.034  0.162  0.160  0.162  0.159	31
  4:	0.154  0.153  0.064  0.159  0.161  0.152  0.157	31
  5:	0.149  0.150  0.092  0.153  0.158  0.148  0.151	18
  6:	0.158  0.157  0.059  0.155  0.157  0.157  0.157	30
  7:	0.153  0.152  0.082  0.151  0.156  0.151  0.155	30
  8:	0.063  0.062  0.639  0.060  0.051  0.066  0.058	24
  9:	0.058  0.057  0.668  0.056  0.047  0.061  0.054	24

  1:	0.163  0.157  0.158  0.161  0.159  0.160  0.042	30
  2:	0.158  0.153  0.157  0.156  0.152  0.157  0.066	30
  3:	0.160  0.162  0.161  0.160  0.162  0.161  0.034	31
  4:	0.155  0.154  0.156  0.157  0.155  0.158  0.064	31
  5:	0.153  0.149  0.151  0.152  0.151  0.152  0.092	18
  6:	0.158  0.157  0.157  0.157  0.156  0.156  0.059	30
  7:	0.155  0.152  0.151  0.153  0.153  0.153  0.082	30
  8:	0.060  0.064  0.062  0.059  0.062  0.057  0.637	24
  9:	0.055  0.058  0.056  0.054  0.058  0.053  0.666	24

  1:	0.159  0.159  0.042  0.163  0.157  0.161  0.160	30
  2:	0.153  0.156  0.067  0.158  0.153  0.157  0.156	30
  3:	0.161  0.161  0.035  0.160  0.162  0.159  0.162	31
  4:	0.155  0.156  0.065  0.158  0.153  0.153  0.160	31
  5:	0.149  0.152  0.093  0.152  0.149  0.152  0.153	18
  6:	0.158  0.156  0.060  0.158  0.156  0.156  0.156	30
  7:	0.153  0.152  0.083  0.155  0.152  0.155  0.152	30
  8:	0.063  0.061  0.637  0.057  0.064  0.059  0.059	24
  9:	0.058  0.056  0.666  0.053  0.059  0.054  0.054	24

  1:	0.163  0.165  0.156  0.042  0.154  0.165  0.155	30
  2:	0.163  0.161  0.152  0.066  0.149  0.157  0.152	30
  3:	0.161  0.159  0.161  0.034  0.163  0.161  0.162	31
  4:	0.162  0.159  0.153  0.065  0.149  0.160  0.151	31
  5:	0.157  0.154  0.149  0.092  0.145  0.155  0.147	18
  6:	0.157  0.157  0.157  0.060  0.157  0.156  0.157	30
  7:	0.154  0.155  0.152  0.082  0.152  0.154  0.151	30
  8:	0.055  0.055  0.064  0.637  0.068  0.054  0.067	24
  9:	0.050  0.050  0.058  0.667  0.062  0.052  0.060	24

  1:	0.153  0.162  0.042  0.165  0.149  0.168  0.161	30
  2:	0.151  0.158  0.066  0.160  0.144  0.165  0.156	30
  3:	0.161  0.160  0.034  0.160  0.163  0.161  0.161	31
  4:	0.149  0.159  0.065  0.161  0.145  0.162  0.158	31
  5:	0.147  0.154  0.093  0.155  0.142  0.156  0.153	18
  6:	0.157  0.156  0.059  0.156  0.157  0.158  0.156	30
  7:	0.152  0.153  0.082  0.155  0.148  0.155  0.154	30
  8:	0.067  0.056  0.638  0.054  0.075  0.052  0.058	24
  9:	0.061  0.052  0.666  0.050  0.067  0.050  0.054	24

  1:	0.155  0.165  0.162  0.041  0.165  0.150  0.163	30
  2:	0.151  0.160  0.157  0.065  0.159  0.146  0.161	30
  3:	0.163  0.160  0.161  0.033  0.159  0.164  0.160	31
  4:	0.151  0.161  0.157  0.064  0.159  0.144  0.163	31
  5:	0.148  0.156  0.152  0.092  0.154  0.142  0.156	18
  6:	0.157  0.158  0.157  0.059  0.156  0.157  0.157	30
  7:	0.151  0.156  0.153  0.081  0.155  0.149  0.154	30
  8:	0.068  0.053  0.057  0.640  0.055  0.074  0.053	24
  9:	0.062  0.049  0.053  0.670  0.050  0.067  0.048	24

  1:	0.163  0.149  0.165  0.163  0.161  0.159  0.041	30
  2:	0.157  0.146  0.160  0.159  0.156  0.156  0.066	30
  3:	0.159  0.165  0.160  0.161  0.159  0.162  0.034	31
  4:	0.158  0.146  0.158  0.159  0.159  0.155  0.064	31
  5:	0.154  0.142  0.155  0.155  0.152  0.150  0.092	18
  6:	0.157  0.157  0.157  0.156  0.158  0.156  0.059	30
  7:	0.155  0.148  0.155  0.155  0.154  0.150  0.082	30
  8:	0.057  0.075  0.055  0.057  0.058  0.061  0.638	24
  9:	0.052  0.067  0.051  0.052  0.052  0.057  0.669	24

  1:	0.162  0.042  0.165  0.154  0.157  0.159  0.161	30
  2:	0.158  0.067  0.159  0.152  0.151  0.156  0.158	30
  3:	0.161  0.035  0.159  0.161  0.163  0.162  0.160	31
  4:	0.158  0.065  0.158  0.151  0.152  0.159  0.157	31
  5:	0.152  0.093  0.155  0.147  0.147  0.152  0.154	18
  6:	0.157  0.060  0.156  0.157  0.157  0.156  0.156	30
  7:	0.153  0.083  0.155  0.153  0.151  0.152  0.154	30
  8:	0.057  0.639  0.055  0.066  0.065  0.059  0.058	24
  9:	0.053  0.670  0.051  0.059  0.060  0.054  0.053	24

