  1:	0.142  0.130  0.135  0.143  0.037  0.141  0.138  0.133	30
  2:	0.140  0.128  0.132  0.137  0.061  0.136  0.136  0.130	30
  3:	0.139  0.140  0.138  0.138  0.030  0.139  0.138  0.138	31
  4:	0.142  0.126  0.132  0.140  0.059  0.139  0.135  0.128	31
  5:	0.134  0.125  0.129  0.135  0.086  0.133  0.131  0.126	18
  6:	0.136  0.136  0.135  0.135  0.053  0.135  0.135  0.135	30
  7:	0.133  0.131  0.132  0.134  0.073  0.133  0.133  0.131	30
  8:	0.050  0.064  0.057  0.048  0.616  0.051  0.054  0.060	24
  9:	0.047  0.059  0.053  0.047  0.641  0.048  0.050  0.056	24

  1:	0.131  0.037  0.143  0.129  0.143  0.141  0.136  0.141	30
  2:	0.128  0.061  0.138  0.126  0.140  0.137  0.133  0.136	30
  3:	0.141  0.030  0.138  0.141  0.137  0.138  0.138  0.137	31
  4:	0.127  0.058  0.142  0.124  0.137  0.139  0.136  0.136	31
  5:	0.125  0.085  0.137  0.123  0.133  0.133  0.131  0.133	18
  6:	0.136  0.054  0.134  0.137  0.135  0.134  0.134  0.136	30
  7:	0.130  0.073  0.133  0.130  0.136  0.135  0.131  0.133	30
  8:	0.063  0.615  0.049  0.067  0.049  0.050  0.055  0.053	24
  9:	0.059  0.638  0.046  0.062  0.047  0.047  0.051  0.049	24

  1:	0.142  0.142  0.037  0.141  0.130  0.138  0.136  0.135	30
  2:	0.137  0.141  0.061  0.136  0.127  0.134  0.134  0.130	30
  3:	0.140  0.136  0.030  0.138  0.141  0.138  0.139  0.139	31
  4:	0.142  0.140  0.059  0.136  0.125  0.134  0.135  0.128	31
  5:	0.135  0.134  0.086  0.133  0.124  0.129  0.131  0.128	18
  6:	0.134  0.135  0.053  0.134  0.136  0.136  0.136  0.136	30
  7:	0.132  0.134  0.074  0.133  0.129  0.133  0.132  0.133	30
  8:	0.049  0.048  0.617  0.052  0.065  0.055  0.055  0.059	24
  9:	0.047  0.045  0.642  0.049  0.060  0.051  0.052  0.055	24

  1:	0.131  0.138  0.036  0.137  0.141  0.137  0.142  0.138	30
  2:	0.128  0.137  0.061  0.133  0.135  0.133  0.137  0.136	30
  3:	0.142  0.139  0.030  0.139  0.137  0.138  0.138  0.138	31
  4:	0.127  0.138  0.058  0.135  0.136  0.133  0.137  0.135	31
  5:	0.125  0.132  0.085  0.130  0.133  0.130  0.132  0.132	18
  6:	0.137  0.135  0.053  0.136  0.135  0.135  0.135  0.135	30
  7:	0.131  0.133  0.074  0.132  0.133  0.132  0.133  0.132	30
  8:	0.064  0.052  0.618  0.055  0.053  0.055  0.051  0.053	24
  9:	0.059  0.048  0.643  0.051  0.049  0.052  0.048  0.050	24

  1:	0.129  0.141  0.131  0.143  0.140  0.143  0.136  0.037	30
  2:	0.128  0.136  0.129  0.139  0.135  0.139  0.133  0.061	30
  3:	0.140  0.138  0.140  0.138  0.138  0.137  0.139  0.030	31
  4:	0.126  0.139  0.128  0.139  0.137  0.137  0.134  0.059	31
  5:	0.124  0.135  0.126  0.133  0.132  0.134  0.130  0.086	18
  6:	0.137  0.135  0.136  0.134  0.134  0.135  0.136  0.054	30
  7:	0.129  0.133  0.130  0.134  0.133  0.136  0.131  0.074	30
  8:	0.065  0.050  0.062  0.048  0.054  0.048  0.056  0.617	24
  9:	0.059  0.047  0.058  0.046  0.050  0.046  0.052  0.641	24

  1:	0.138  0.133  0.037  0.144  0.134  0.137  0.138  0.140	30
  2:	0.135  0.131  0.061  0.139  0.131  0.134  0.135  0.135	30
  3:	0.139  0.139  0.030  0.139  0.139  0.139  0.138  0.138	31
  4:	0.135  0.131  0.059  0.140  0.129  0.133  0.137  0.136	31
  5:	0.131  0.128  0.086  0.134  0.127  0.130  0.132  0.132	18
  6:	0.136  0.135  0.053  0.134  0.135  0.136  0.136  0.134	30
  7:	0.132  0.131  0.073  0.133  0.132  0.132  0.133  0.133	30
  8:	0.054  0.059  0.617  0.048  0.060  0.056  0.054  0.052	24
  9:	0.051  0.055  0.641  0.046  0.055  0.052  0.050  0.050	24

  1:	0.139  0.138  0.136  0.135  0.141  0.036  0.138  0.136	30
  2:	0.137  0.134  0.133  0.132  0.138  0.061  0.133  0.133	30
  3:	0.140  0.138  0.138  0.140  0.138  0.030  0.137  0.139	31
  4:	0.134  0.135  0.134  0.132  0.140  0.058  0.135  0.133	31
  5:	0.133  0.130  0.130  0.129  0.134  0.085  0.130  0.130	18
  6:	0.136  0.135  0.136  0.135  0.135  0.053  0.134  0.136	30
  7:	0.134  0.132  0.131  0.132  0.133  0.074  0.133  0.131	30
  8:	0.055  0.054  0.057  0.058  0.050  0.616  0.054  0.057	24
  9:	0.050  0.051  0.053  0.054  0.048  0.640  0.051  0.053	24

  1:	0.135  0.134  0.139  0.135  0.140  0.141  0.139  0.037	30
  2:	0.132  0.130  0.136  0.133  0.137  0.137  0.134  0.061	30
  3:	0.139  0.141  0.137  0.138  0.138  0.137  0.139  0.030	31
  4:	0.132  0.132  0.133  0.131  0.137  0.137  0.138  0.059	31
  5:	0.129  0.129  0.130  0.129  0.133  0.132  0.131  0.086	18
  6:	0.136  0.136  0.135  0.136  0.134  0.135  0.134  0.054	30
  7:	0.133  0.130  0.133  0.133  0.133  0.134  0.130  0.074	30
  8:	0.058  0.059  0.055  0.057  0.052  0.051  0.054  0.615	24
  9:	0.054  0.055  0.051  0.053  0.048  0.048  0.050  0.640	24

  1:	0.146  0.143  0.036  0.140  0.131  0.144  0.130  0.130	30
  2:	0.142  0.139  0.061  0.136  0.129  0.139  0.128  0.127	30
  3:	0.137  0.139  0.029  0.138  0.140  0.137  0.139  0.140	31
  4:	0.142  0.143  0.058  0.138  0.126  0.140  0.127  0.126	31
  5:	0.137  0.135  0.086  0.133  0.126  0.133  0.124  0.125	18
  6:	0.136  0.134  0.052  0.135  0.135  0.135  0.136  0.136	30
  7:	0.136  0.132  0.073  0.133  0.131  0.135  0.130  0.130	30
  8:	0.046  0.047  0.619  0.052  0.062  0.047  0.063  0.063	24
  9:	0.044  0.045  0.644  0.049  0.057  0.046  0.058  0.058	24

  1:	0.137  0.139  0.139  0.132  0.040  0.140  0.140  0.132	30
  2:	0.133  0.135  0.135  0.130  0.063  0.136  0.137  0.131	30
  3:	0.140  0.138  0.138  0.140  0.033  0.138  0.139  0.134	31
  4:	0.133  0.136  0.137  0.129  0.061  0.137  0.140  0.128	31
  5:	0.129  0.131  0.133  0.126  0.087  0.133  0.135  0.126	18
  6:	0.136  0.135  0.135  0.136  0.057  0.135  0.134  0.132	30
  7:	0.132  0.134  0.133  0.129  0.076  0.134  0.132  0.130	30
  8:	0.057  0.052  0.052  0.061  0.600  0.052  0.051  0.076	24
  9:	0.053  0.050  0.049  0.056  0.623  0.049  0.047  0.073	24

