  1:	0.123  0.123  0.124  0.035  0.122  0.121  0.113  0.122  0.118	30
  2:	0.119  0.119  0.120  0.058  0.120  0.117  0.111  0.118  0.116	30
  3:	0.120  0.121  0.121  0.028  0.119  0.121  0.125  0.122  0.122	31
  4:	0.119  0.123  0.120  0.055  0.121  0.117  0.110  0.120  0.115	31
  5:	0.116  0.117  0.118  0.081  0.116  0.115  0.109  0.116  0.113	18
  6:	0.118  0.118  0.118  0.051  0.118  0.118  0.120  0.118  0.120	30
  7:	0.119  0.118  0.117  0.069  0.116  0.116  0.114  0.116  0.115	30
  8:	0.050  0.048  0.050  0.580  0.052  0.053  0.061  0.050  0.055	24
  9:	0.048  0.046  0.047  0.600  0.050  0.052  0.057  0.048  0.052	24

  1:	0.033  0.118  0.124  0.124  0.117  0.121  0.119  0.123  0.121	30
  2:	0.057  0.116  0.120  0.119  0.116  0.118  0.117  0.120  0.118	30
  3:	0.027  0.123  0.122  0.122  0.122  0.121  0.122  0.120  0.121	31
  4:	0.054  0.115  0.120  0.120  0.117  0.118  0.116  0.120  0.121	31
  5:	0.080  0.114  0.115  0.116  0.114  0.115  0.114  0.117  0.116	18
  6:	0.049  0.120  0.119  0.119  0.119  0.119  0.119  0.119  0.119	30
  7:	0.067  0.116  0.116  0.116  0.116  0.117  0.117  0.117  0.116	30
  8:	0.595  0.054  0.048  0.049  0.053  0.050  0.053  0.048  0.049	24
  9:	0.615  0.050  0.047  0.047  0.050  0.049  0.050  0.047  0.046	24

  1:	0.122  0.119  0.121  0.121  0.123  0.034  0.115  0.120  0.125	30
  2:	0.120  0.118  0.119  0.117  0.118  0.058  0.113  0.117  0.120	30
  3:	0.122  0.123  0.122  0.121  0.122  0.027  0.123  0.120  0.120	31
  4:	0.121  0.118  0.117  0.118  0.120  0.055  0.113  0.116  0.123	31
  5:	0.117  0.114  0.115  0.114  0.115  0.081  0.112  0.114  0.118	18
  6:	0.119  0.118  0.119  0.119  0.119  0.051  0.119  0.118  0.118	30
  7:	0.117  0.116  0.117  0.117  0.118  0.068  0.115  0.116  0.117	30
  8:	0.050  0.053  0.051  0.052  0.050  0.589  0.057  0.052  0.047	24
  9:	0.048  0.049  0.049  0.049  0.047  0.609  0.054  0.050  0.046	24

  1:	0.097  0.062  0.118  0.122  0.117  0.123  0.118  0.120  0.124	30
  2:	0.101  0.077  0.117  0.118  0.114  0.118  0.114  0.119  0.122	30
  3:	0.092  0.055  0.122  0.121  0.122  0.121  0.124  0.122  0.121	31
  4:	0.101  0.076  0.116  0.116  0.115  0.119  0.120  0.118  0.119	31
  5:	0.105  0.093  0.115  0.114  0.113  0.115  0.114  0.114  0.116	18
  6:	0.097  0.071  0.119  0.118  0.119  0.119  0.118  0.119  0.119	30
  7:	0.103  0.084  0.116  0.118  0.116  0.117  0.115  0.116  0.116	30
  8:	0.214  0.423  0.054  0.051  0.055  0.049  0.053  0.051  0.049	24
  9:	0.219  0.436  0.051  0.049  0.052  0.047  0.051  0.049  0.046	24

  1:	0.114  0.033  0.116  0.131  0.117  0.116  0.130  0.123  0.121	30
  2:	0.113  0.057  0.115  0.124  0.115  0.116  0.122  0.119  0.118	30
  3:	0.123  0.027  0.122  0.121  0.122  0.122  0.122  0.120  0.121	31
  4:	0.112  0.055  0.114  0.125  0.115  0.115  0.125  0.119  0.120	31
  5:	0.112  0.081  0.112  0.118  0.113  0.113  0.120  0.116  0.116	18
  6:	0.120  0.049  0.119  0.118  0.119  0.119  0.117  0.119  0.119	30
  7:	0.115  0.068  0.116  0.118  0.115  0.116  0.116  0.118  0.118	30
  8:	0.058  0.595  0.055  0.043  0.054  0.054  0.043  0.049  0.049	24
  9:	0.054  0.614  0.052  0.042  0.051  0.051  0.043  0.047  0.046	24

  1:	0.118  0.123  0.121  0.124  0.033  0.120  0.118  0.120  0.123	30
  2:	0.115  0.120  0.120  0.120  0.057  0.116  0.115  0.118  0.119	30
  3:	0.122  0.122  0.121  0.122  0.027  0.120  0.122  0.121  0.121	31
  4:	0.116  0.120  0.119  0.121  0.054  0.118  0.116  0.118  0.118	31
  5:	0.113  0.116  0.116  0.116  0.080  0.115  0.113  0.115  0.116	18
  6:	0.119  0.119  0.118  0.119  0.049  0.119  0.120  0.119  0.118	30
  7:	0.117  0.118  0.116  0.117  0.067  0.117  0.116  0.116  0.117	30
  8:	0.054  0.048  0.050  0.048  0.593  0.052  0.053  0.052  0.050	24
  9:	0.050  0.046  0.047  0.046  0.615  0.049  0.050  0.050  0.047	24

  1:	0.093  0.120  0.120  0.125  0.122  0.064  0.122  0.115  0.119	30
  2:	0.099  0.118  0.119  0.122  0.117  0.079  0.118  0.113  0.116	30
  3:	0.088  0.121  0.123  0.121  0.120  0.060  0.121  0.124  0.122	31
  4:	0.099  0.119  0.117  0.123  0.118  0.078  0.119  0.113  0.116	31
  5:	0.106  0.115  0.114  0.118  0.116  0.092  0.115  0.110  0.113	18
  6:	0.094  0.118  0.119  0.119  0.118  0.075  0.119  0.120  0.118	30
  7:	0.101  0.116  0.116  0.117  0.118  0.085  0.116  0.115  0.115	30
  8:	0.239  0.051  0.052  0.048  0.051  0.396  0.051  0.058  0.053	24
  9:	0.245  0.049  0.049  0.045  0.049  0.409  0.049  0.055  0.051	24

  1:	0.118  0.118  0.118  0.128  0.122  0.116  0.034  0.125  0.121	30
  2:	0.115  0.116  0.116  0.122  0.120  0.114  0.058  0.120  0.118	30
  3:	0.122  0.122  0.122  0.120  0.121  0.124  0.028  0.121  0.120	31
  4:	0.115  0.115  0.117  0.125  0.119  0.114  0.055  0.120  0.119	31
  5:	0.114  0.115  0.115  0.118  0.116  0.112  0.080  0.116  0.114	18
  6:	0.120  0.119  0.119  0.117  0.118  0.120  0.050  0.118  0.118	30
  7:	0.116  0.115  0.115  0.118  0.117  0.116  0.068  0.119  0.116	30
  8:	0.055  0.055  0.054  0.045  0.050  0.056  0.587  0.047  0.052	24
  9:	0.052  0.051  0.050  0.043  0.047  0.053  0.607  0.046  0.050	24

  1:	0.120  0.128  0.034  0.119  0.117  0.128  0.116  0.116  0.120	30
  2:	0.119  0.124  0.058  0.117  0.117  0.119  0.114  0.115  0.116	30
  3:	0.122  0.121  0.028  0.122  0.122  0.121  0.122  0.122  0.121	31
  4:	0.117  0.126  0.055  0.117  0.116  0.125  0.112  0.116  0.116	31
  5:	0.114  0.118  0.081  0.114  0.114  0.119  0.112  0.114  0.114	18
  6:	0.119  0.119  0.050  0.119  0.119  0.118  0.119  0.118  0.119	30
  7:	0.118  0.118  0.068  0.116  0.115  0.118  0.115  0.115  0.117	30
  8:	0.052  0.043  0.588  0.053  0.054  0.044  0.057  0.055  0.054	24
  9:	0.049  0.042  0.608  0.050  0.051  0.044  0.054  0.052  0.051	24

  1:	0.118  0.122  0.123  0.122  0.117  0.119  0.034  0.125  0.119	30
  2:	0.115  0.120  0.120  0.116  0.115  0.118  0.058  0.120  0.116	30
  3:	0.123  0.121  0.122  0.121  0.122  0.122  0.027  0.121  0.121	31
  4:	0.114  0.121  0.121  0.117  0.115  0.117  0.055  0.127  0.116	31
  5:	0.112  0.117  0.116  0.113  0.112  0.115  0.080  0.120  0.113	18
  6:	0.121  0.119  0.118  0.118  0.119  0.119  0.050  0.117  0.119	30
  7:	0.116  0.117  0.117  0.118  0.116  0.115  0.068  0.116  0.117	30
  8:	0.056  0.048  0.049  0.051  0.055  0.052  0.591  0.045  0.053	24
  9:	0.052  0.046  0.047  0.050  0.051  0.049  0.611  0.043  0.050	24

